3 0.81875 0.56875 0.165625 0.1796875
3 0.6453125 0.53046875 0.2015625 0.18125
3 0.353125 0.53203125 0.1890625 0.1359375
3 0.4890625 0.59140625 0.1359375 0.121875
3 0.21171875 0.5234375 0.2109375 0.1359375
0 0.5046875 0.45625 0.0984375 0.08125
0 0.7828125 0.45703125 0.1328125 0.0640625
0 0.615625 0.4109375 0.16875 0.1109375
0 0.3875 0.42421875 0.1265625 0.078125
0 0.196875 0.39140625 0.1625 0.103125
2 0.59453125 0.4234375 0.0796875 0.0265625
2 0.7671875 0.4890625 0.0625 0.028125
2 0.4 0.45078125 0.0609375 0.034375