2 0.67265625 0.63671875 0.0546875 0.0890625
0 0.28046875 0.35859375 0.125 0.1
3 0.215625 0.57421875 0.1921875 0.321875
0 0.46875 0.428125 0.103125 0.065625
0 0.60703125 0.3796875 0.090625 0.0640625
0 0.7953125 0.4015625 0.10625 0.059375
3 0.440625 0.63125 0.175 0.271875
3 0.62578125 0.57890625 0.203125 0.2640625
3 0.8375 0.6171875 0.1828125 0.2828125
2 0.284375 0.56328125 0.0890625 0.0875
2 0.47265625 0.5984375 0.0875 0.0765625
2 0.521875 0.659375 0.0765625 0.059375
2 0.5859375 0.628125 0.0640625 0.0765625
2 0.7796875 0.7859375 0.059375 0.109375
2 0.9484375 0.76328125 0.059375 0.109375