0 0.74765625 0.30078125 0.05 0.0375
0 0.3125 0.2828125 0.0765625 0.05625
0 0.04921875 0.28984375 0.0890625 0.065625
0 0.50859375 0.2296875 0.0796875 0.059375
0 0.80546875 0.3140625 0.0734375 0.071875
0 0.5953125 0.309375 0.0328125 0.03125
0 0.4046875 0.30859375 0.028125 0.028125
0 0.35625 0.328125 0.0390625 0.0390625
0 0.22109375 0.3046875 0.040625 0.0375
0 0.26875 0.309375 0.028125 0.04375
3 0.0984375 0.4390625 0.1703125 0.190625
3 0.278125 0.45546875 0.2 0.2125
3 0.5125 0.3890625 0.146875 0.18125
3 0.7890625 0.45234375 0.115625 0.16875
3 0.73125 0.38203125 0.090625 0.1171875
3 0.6015625 0.36953125 0.0453125 0.0515625
3 0.2234375 0.34375 0.053125 0.040625