3 0.1484375 0.6578125 0.21875 0.2328125
3 0.18515625 0.58671875 0.1625 0.3375
0 0.24453125 0.31953125 0.0734375 0.0765625
0 0.2328125 0.38515625 0.1671875 0.15625
0 0.09296875 0.47265625 0.1078125 0.1453125
3 0.31640625 0.59296875 0.18125 0.35
3 0.48046875 0.58203125 0.1984375 0.3078125
3 0.5046875 0.44453125 0.1515625 0.140625
3 0.77578125 0.55546875 0.1625 0.378125
0 0.325 0.3265625 0.06875 0.0609375
0 0.359375 0.39375 0.146875 0.121875
0 0.5109375 0.33671875 0.1078125 0.084375
0 0.59375 0.46640625 0.140625 0.1359375
0 0.75546875 0.334375 0.08125 0.071875
0 0.9265625 0.259375 0.06875 0.0734375