3 0.29765625 0.64609375 0.1234375 0.2671875
3 0.425 0.6296875 0.1609375 0.325
3 0.9421875 0.66953125 0.115625 0.3359375
3 0.6265625 0.63671875 0.259375 0.39375
0 0.5953125 0.26953125 0.196875 0.1234375
0 0.403125 0.35078125 0.1375 0.109375
0 0.328125 0.44765625 0.103125 0.084375
0 0.234375 0.42578125 0.0890625 0.090625
0 0.71796875 0.37109375 0.1015625 0.096875
0 0.96640625 0.37734375 0.065625 0.1015625
0 0.921875 0.4125 0.0671875 0.046875
0 0.89375 0.46796875 0.0703125 0.059375
0 0.78984375 0.46015625 0.0671875 0.071875
3 0.20546875 0.6171875 0.084375 0.21875