0 0.73203125 0.52578125 0.046875 0.0390625
0 0.64765625 0.52734375 0.046875 0.0390625
0 0.5609375 0.54140625 0.046875 0.0390625
0 0.396875 0.54296875 0.046875 0.0390625
0 0.31796875 0.56875 0.046875 0.0390625
3 0.7390625 0.60703125 0.08125 0.1015625
3 0.64921875 0.61171875 0.08125 0.1015625
3 0.5578125 0.6203125 0.08125 0.1015625
3 0.396875 0.62578125 0.08125 0.1015625
3 0.31796875 0.63984375 0.08125 0.1015625
3 0.22734375 0.6203125 0.08125 0.1015625
0 0.23515625 0.54453125 0.046875 0.0390625
2 0.46953125 0.59453125 0.0796875 0.14375