3 0.3875 0.5453125 0.1125 0.0640625
3 0.4625 0.44375 0.10625 0.1421875
3 0.35234375 0.43046875 0.10625 0.1421875
0 0.5890625 0.2640625 0.090625 0.065625
0 0.4859375 0.33359375 0.059375 0.0390625
0 0.45625 0.35078125 0.0609375 0.05
0 0.12890625 0.33046875 0.06875 0.0484375
0 0.36953125 0.3359375 0.090625 0.065625
2 0.54453125 0.47734375 0.1484375 0.2859375
2 0.12421875 0.4984375 0.1484375 0.2859375
2 0.65546875 0.40703125 0.09375 0.190625
2 0.071875 0.5328125 0.053125 0.0359375
2 0.19453125 0.51953125 0.053125 0.0359375
2 0.675 0.50078125 0.053125 0.0359375
2 0.471875 0.55546875 0.053125 0.05