1 0.44873046875 0.46046852122986826 0.0859375 0.08931185944363104
2 0.130859375 0.5885797950219619 0.2509765625 0.35431918008784774
2 0.208984375 0.5483162518301611 0.1474609375 0.2752562225475842
2 0.3408203125 0.6288433382137628 0.298828125 0.30453879941434847
2 0.421875 0.4882869692532943 0.14453125 0.1581259150805271
2 0.509765625 0.6068814055636896 0.28125 0.3484626647144949
2 0.70556640625 0.47144948755490484 0.162109375 0.34699853587115664
2 0.80859375 0.44875549048316254 0.216796875 0.37920937042459735
1 0.806640625 0.2232796486090776 0.1357421875 0.09809663250366032
1 0.69287109375 0.24743777452415813 0.0966796875 0.10102489019033675
1 0.21875 0.4062957540263543 0.076171875 0.08345534407027819
1 0.08544921875 0.37701317715959004 0.0966796875 0.0746705710102489
1 0.3349609375 0.4677891654465593 0.0712890625 0.0746705710102489