3 0.091796875 0.39807976366322007 0.158203125 0.31166912850812406
3 0.18505859375 0.4298375184638109 0.140625 0.3308714918759232
3 0.30712890625 0.3914327917282127 0.12109375 0.2466765140324963
3 0.3505859375 0.4342688330871492 0.1123046875 0.2968980797636632
3 0.47412109375 0.39586410635155095 0.142578125 0.2466765140324963
3 0.61474609375 0.35745937961595275 0.1474609375 0.19497784342688332
3 0.68408203125 0.5878877400295421 0.1640625 0.2481536189069424
3 0.91552734375 0.48375184638109303 0.1689453125 0.3308714918759232
1 0.9111328125 0.2858197932053176 0.07421875 0.07385524372230429
1 0.09375 0.21048744460856722 0.1025390625 0.07680945347119646
1 0.1904296875 0.2481536189069424 0.06640625 0.06646971935007386
1 0.3232421875 0.2688330871491876 0.0556640625 0.05760709010339734
1 0.35546875 0.2740029542097489 0.037109375 0.03692762186115214
1 0.490234375 0.25406203840472674 0.0556640625 0.05760709010339734
1 0.60888671875 0.2511078286558346 0.048828125 0.03988183161004431
1 0.67333984375 0.48522895125553916 0.0537109375 0.059084194977843424