0 0.28828125 0.20859375 0.04375 0.0453125
0 0.165625 0.18203125 0.040625 0.040625
0 0.090625 0.190625 0.034375 0.0515625
0 0.89375 0.2828125 0.0734375 0.115625
0 0.815625 0.22109375 0.0734375 0.0703125
0 0.69921875 0.16640625 0.1015625 0.1171875
0 0.5671875 0.21640625 0.0703125 0.0953125
0 0.24609375 0.2640625 0.0734375 0.065625
0 0.4796875 0.1640625 0.0796875 0.084375
0 0.39609375 0.17421875 0.065625 0.084375
0 0.3375 0.16640625 0.0921875 0.096875
2 0.34140625 0.4625 0.1703125 0.35625
2 0.575 0.48359375 0.128125 0.3234375
2 0.696875 0.44296875 0.140625 0.315625
2 0.89296875 0.546875 0.128125 0.3453125
2 0.80546875 0.45859375 0.096875 0.26875
2 0.490625 0.39453125 0.09375 0.284375
0 0.2171875 0.20234375 0.0375 0.05