3 0.65390625 0.559375 0.0859375 0.0796875
3 0.5609375 0.5703125 0.046875 0.0796875
3 0.43984375 0.53984375 0.05625 0.0765625
3 0.4015625 0.5484375 0.040625 0.071875
3 0.02890625 0.56953125 0.0578125 0.1609375
3 0.8484375 0.53359375 0.2421875 0.365625
3 0.23515625 0.49921875 0.23125 0.3703125
0 0.4484375 0.50546875 0.0609375 0.0578125
0 0.4109375 0.51875 0.04375 0.0546875
0 0.56484375 0.5171875 0.046875 0.04375
0 0.65234375 0.50625 0.0546875 0.05625
0 0.0171875 0.4375 0.034375 0.1
0 0.69375 0.40390625 0.1453125 0.196875
0 0.39609375 0.334375 0.1171875 0.171875