0 0.53671875 0.25625 0.05625 0.0796875
0 0.47421875 0.225 0.0703125 0.1125
3 0.3953125 0.4015625 0.0671875 0.196875
3 0.31796875 0.44765625 0.1359375 0.2609375
3 0.7671875 0.58125 0.1171875 0.28125
3 0.59765625 0.43828125 0.0953125 0.234375
3 0.17421875 0.37734375 0.14375 0.29375
0 0.78828125 0.3859375 0.0796875 0.1171875
3 0.4796875 0.41328125 0.1125 0.2546875
0 0.171875 0.14375 0.0828125 0.1109375
0 0.3140625 0.24765625 0.0625 0.0796875
0 0.4015625 0.26328125 0.05625 0.0578125
0 0.6046875 0.28984375 0.059375 0.090625