3 0.35703125 0.7078125 0.1953125 0.159375
3 0.41328125 0.64375 0.1953125 0.1671875
3 0.4078125 0.521875 0.0890625 0.090625
3 0.51953125 0.40390625 0.0953125 0.1453125
3 0.6484375 0.33359375 0.0625 0.090625
3 0.4515625 0.41484375 0.084375 0.15
0 0.37109375 0.55625 0.096875 0.078125
3 0.6796875 0.46796875 0.0953125 0.203125
3 0.86484375 0.4890625 0.15 0.2515625
3 0.61875 0.4265625 0.1203125 0.1859375
0 0.38125 0.46953125 0.0734375 0.065625
0 0.38984375 0.3171875 0.06875 0.0546875
0 0.415625 0.30546875 0.06875 0.0734375
0 0.5109375 0.31640625 0.0515625 0.0515625
0 0.55546875 0.31171875 0.0546875 0.0515625
0 0.603125 0.309375 0.0796875 0.0734375
0 0.65546875 0.284375 0.0734375 0.0671875
0 0.68828125 0.31640625 0.06875 0.08125
0 0.8484375 0.3140625 0.103125 0.1171875