2 0.37158203125 0.4446614583333333 0.193359375 0.2721354166666667
2 0.58544921875 0.4817708333333333 0.1806640625 0.21354166666666666
2 0.85791015625 0.3743489583333333 0.076171875 0.11979166666666667
2 0.974609375 0.3951822916666667 0.05078125 0.15625
2 0.0634765625 0.3528645833333333 0.126953125 0.203125
2 0.21484375 0.4055989583333333 0.1396484375 0.21875
1 0.5751953125 0.2975260416666667 0.0908203125 0.059895833333333336
1 0.39599609375 0.2532552083333333 0.119140625 0.10677083333333333
1 0.22412109375 0.23177083333333334 0.076171875 0.06770833333333333
1 0.0302734375 0.20377604166666666 0.060546875 0.07421875
1 0.8623046875 0.2890625 0.0517578125 0.055989583333333336
1 0.9453125 0.2890625 0.037109375 0.03515625