0 0.14921875 0.40078125 0.0421875 0.0296875
0 0.2765625 0.39609375 0.053125 0.0390625
0 0.2296875 0.41953125 0.03125 0.0265625
0 0.484375 0.415625 0.053125 0.0375
0 0.375 0.41328125 0.0390625 0.0328125
0 0.60546875 0.3859375 0.0640625 0.0375
0 0.66953125 0.42421875 0.0328125 0.025
3 0.1625 0.4984375 0.078125 0.1140625
3 0.54453125 0.48125 0.0390625 0.0609375
3 0.67265625 0.49453125 0.06875 0.0953125
2 0.0140625 0.6515625 0.028125 0.0453125
3 0.3859375 0.5109375 0.053125 0.1046875
3 0.48046875 0.51796875 0.0796875 0.128125
3 0.6125 0.52109375 0.11875 0.121875
2 0.125 0.6171875 0.0484375 0.05
2 0.346875 0.603125 0.0453125 0.05
3 0.90625 0.50859375 0.1859375 0.2046875
2 0.2359375 0.596875 0.034375 0.0484375
2 0.4875 0.44140625 0.04375 0.0109375
2 0.60625 0.4125 0.05625 0.0171875
0 0.0953125 0.4078125 0.0484375 0.034375
2 0.75703125 0.81875 0.0796875 0.128125
0 0.85703125 0.2703125 0.1578125 0.0875
0 0.03828125 0.38515625 0.065625 0.0421875
3 0.06484375 0.52578125 0.128125 0.1421875
2 0.03984375 0.41875 0.0578125 0.01875
2 0.28125 0.4234375 0.0375 0.015625
3 0.28984375 0.51640625 0.1015625 0.125