2 0.36953125 0.6953125 0.0453125 0.06875
2 0.22265625 0.68671875 0.0453125 0.06875
2 0.4953125 0.68203125 0.0453125 0.06875
3 0.72578125 0.61015625 0.165625 0.2328125
3 0.42265625 0.58984375 0.165625 0.2328125
3 0.546875 0.59375 0.165625 0.2328125
2 0.809375 0.6921875 0.0453125 0.06875
0 0.43984375 0.41953125 0.0875 0.0515625
0 0.5578125 0.409375 0.0875 0.0515625
0 0.7234375 0.428125 0.0875 0.0515625
2 0.65546875 0.69921875 0.0453125 0.06875
2 0.62265625 0.6953125 0.0453125 0.06875
0 0.2984375 0.38515625 0.0875 0.0515625
3 0.29375 0.57734375 0.165625 0.2328125