0 0.87421875 0.18828125 0.078125 0.0734375
3 0.88515625 0.334375 0.178125 0.3890625
3 0.90078125 0.38125 0.1140625 0.309375
3 0.66796875 0.303125 0.16875 0.2828125
3 0.4625 0.31015625 0.1359375 0.225
3 0.38125 0.31484375 0.11875 0.209375
3 0.25546875 0.35703125 0.15625 0.26875
3 0.17109375 0.325 0.290625 0.346875
0 0.91953125 0.0734375 0.121875 0.1125
0 0.6640625 0.12265625 0.0859375 0.084375
0 0.465625 0.1765625 0.0734375 0.096875
0 0.40078125 0.1609375 0.0734375 0.0890625
0 0.26484375 0.1828125 0.084375 0.0765625
0 0.1453125 0.11796875 0.0953125 0.0890625