3 0.359375 0.43671875 0.125 0.240625
3 0.4859375 0.34921875 0.1125 0.2234375
3 0.43515625 0.40625 0.2046875 0.3171875
3 0.59921875 0.3671875 0.2046875 0.3171875
3 0.83671875 0.428125 0.2046875 0.3171875
3 0.29140625 0.50234375 0.2046875 0.3171875
0 0.36328125 0.19375 0.078125 0.1109375
0 0.30546875 0.26953125 0.06875 0.0796875
0 0.4390625 0.20625 0.06875 0.0796875
0 0.77109375 0.21796875 0.0828125 0.0796875
0 0.53125 0.20234375 0.06875 0.0796875
0 0.21015625 0.28984375 0.06875 0.0796875
3 0.11171875 0.50703125 0.2234375 0.3171875
0 0.0265625 0.26015625 0.053125 0.0796875