3 0.221875 0.39140625 0.05 0.046875
3 0.40546875 0.39375 0.15 0.2078125
3 0.5515625 0.36796875 0.0734375 0.0828125
3 0.64296875 0.41953125 0.2296875 0.2328125
3 0.90234375 0.39375 0.065625 0.1390625
3 0.78984375 0.4046875 0.065625 0.1078125
0 0.54140625 0.3171875 0.046875 0.0546875
0 0.4765625 0.3265625 0.04375 0.046875
0 0.3390625 0.3125 0.0328125 0.0375
0 0.21875 0.35859375 0.0390625 0.0375
0 0.16953125 0.36796875 0.05 0.0515625
0 0.1171875 0.296875 0.0515625 0.0484375
0 0.64140625 0.25546875 0.10625 0.0734375
0 0.4015625 0.24921875 0.0890625 0.0859375
0 0.75390625 0.31171875 0.0453125 0.0515625
0 0.78984375 0.32890625 0.0515625 0.06875
0 0.909375 0.303125 0.0515625 0.0515625
3 0.12109375 0.34921875 0.0609375 0.0890625
3 0.15625 0.39375 0.065625 0.078125