3 0.82890625 0.6765625 0.134375 0.2921875
0 0.71171875 0.50859375 0.065625 0.05625
0 0.81484375 0.50546875 0.071875 0.0578125
0 0.925 0.5046875 0.0625 0.0609375
3 0.078125 0.6578125 0.0859375 0.2078125
3 0.11328125 0.63515625 0.059375 0.2265625
3 0.14921875 0.6484375 0.0734375 0.209375
3 0.2015625 0.65546875 0.1 0.1953125
0 0.6875 0.51484375 0.0625 0.0515625
3 0.25078125 0.63828125 0.06875 0.2171875
3 0.2875 0.659375 0.0859375 0.21875
3 0.31953125 0.6625 0.0671875 0.2515625
3 0.36015625 0.6796875 0.1140625 0.25625
3 0.4 0.65546875 0.065625 0.28125
3 0.44453125 0.66796875 0.09375 0.2875
3 0.53984375 0.68046875 0.096875 0.2796875
3 0.6234375 0.678125 0.0953125 0.2796875
0 0.60625 0.51640625 0.0515625 0.0546875
0 0.58359375 0.50234375 0.0546875 0.0515625
3 0.58984375 0.67109375 0.0671875 0.2765625
0 0.52578125 0.5203125 0.065625 0.0671875
0 0.44453125 0.49921875 0.053125 0.0359375
0 0.37421875 0.5046875 0.065625 0.065625
0 0.35546875 0.52890625 0.0609375 0.0546875
0 0.30546875 0.51328125 0.0390625 0.0484375
0 0.28359375 0.53671875 0.05625 0.046875
0 0.2421875 0.50859375 0.04375 0.046875
0 0.2046875 0.5375 0.0453125 0.0546875
0 0.19140625 0.52734375 0.05 0.053125
0 0.14296875 0.52265625 0.046875 0.0453125
0 0.1046875 0.5 0.040625 0.0390625
0 0.06953125 0.528125 0.04375 0.0390625
3 0.721875 0.675 0.1109375 0.290625