0 0.8640625 0.17734375 0.059375 0.0703125
3 0.88984375 0.30078125 0.078125 0.1765625
3 0.4828125 0.31796875 0.0828125 0.175
3 0.29453125 0.3140625 0.084375 0.1671875
3 0.24453125 0.29921875 0.05625 0.1578125
0 0.21796875 0.559375 0.071875 0.1109375
0 0.19140625 0.50234375 0.046875 0.0625
0 0.26015625 0.1796875 0.0453125 0.0515625
0 0.309375 0.196875 0.05 0.059375
0 0.475 0.1828125 0.059375 0.0578125
3 0.21953125 0.728125 0.103125 0.2421875
3 0.5421875 0.653125 0.0984375 0.190625
0 0.52265625 0.528125 0.05625 0.0515625