2 0.79638671875 0.5345080763582967 0.181640625 0.27312775330396477
1 0.75537109375 0.36490455212922174 0.0419921875 0.049926578560939794
1 0.6767578125 0.4111600587371512 0.046875 0.04698972099853157
1 0.541015625 0.3869309838472834 0.0537109375 0.039647577092511016
1 0.44580078125 0.4052863436123348 0.0400390625 0.0381791483113069
1 0.39599609375 0.4133627019089574 0.0361328125 0.041116005873715125
1 0.35400390625 0.39794419970631423 0.041015625 0.033773861967694566
1 0.248046875 0.39280469897209985 0.048828125 0.0381791483113069
2 0.33984375 0.5293685756240822 0.142578125 0.2775330396475771
2 0.67529296875 0.5550660792951542 0.138671875 0.2834067547723935
2 0.548828125 0.527165932452276 0.1494140625 0.24082232011747431
2 0.45556640625 0.5227606461086637 0.09765625 0.20998531571218795
2 0.22314453125 0.5315712187958884 0.142578125 0.23201174743024963