0 0.928125 0.41875 0.109375 0.121875
0 0.15546875 0.21953125 0.0734375 0.059375
0 0.23125 0.3515625 0.16875 0.2265625
0 0.2921875 0.18203125 0.04375 0.0515625
0 0.26875 0.146875 0.0375 0.04375
0 0.30625 0.15859375 0.034375 0.05
0 0.38203125 0.16953125 0.025 0.0515625
0 0.4125 0.17734375 0.0578125 0.0703125
0 0.4765625 0.15234375 0.0578125 0.0453125
0 0.59375 0.17578125 0.0625 0.0796875
0 0.2109375 0.17265625 0.0703125 0.053125
0 0.25234375 0.17265625 0.028125 0.05
0 0.678125 0.25859375 0.05 0.0640625
0 0.85078125 0.33046875 0.103125 0.1015625