0 0.65078125 0.28828125 0.0671875 0.0515625
0 0.6296875 0.3421875 0.0734375 0.0609375
0 0.66015625 0.34296875 0.05625 0.053125
0 0.7296875 0.2640625 0.065625 0.04375
0 0.77734375 0.3140625 0.0609375 0.065625
0 0.73046875 0.5640625 0.140625 0.1015625
0 0.80703125 0.37421875 0.078125 0.06875
0 0.5234375 0.196875 0.034375 0.046875
0 0.6625 0.52734375 0.1125 0.115625
0 0.3140625 0.640625 0.1421875 0.1046875
0 0.33125 0.190625 0.0296875 0.034375
0 0.11328125 0.2 0.0328125 0.028125
0 0.16796875 0.2046875 0.028125 0.028125
0 0.58046875 0.18828125 0.0609375 0.0296875
3 0.6296875 0.228125 0.0609375 0.0765625
3 0.5890625 0.240625 0.0515625 0.078125
3 0.51875 0.2171875 0.040625 0.075
3 0.35546875 0.24375 0.0609375 0.1015625
3 0.28125 0.25 0.0515625 0.1015625
3 0.11484375 0.2359375 0.046875 0.0734375
3 0.6546875 0.35859375 0.09375 0.11875
3 0.778125 0.46640625 0.1453125 0.209375
0 0.35 0.19375 0.0328125 0.040625
3 0.78671875 0.73359375 0.253125 0.2
3 0.3484375 0.76953125 0.2515625 0.13125
3 0.17109375 0.2390625 0.046875 0.0546875