1 0.330078125 0.28125 0.1171875 0.0625
2 0.11669921875 0.6145833333333334 0.220703125 0.4375
2 0.33984375 0.5826822916666666 0.220703125 0.4375
2 0.6015625 0.5520833333333334 0.220703125 0.4375
2 0.8251953125 0.5475260416666666 0.220703125 0.4375
1 0.068359375 0.22005208333333334 0.1171875 0.0625
1 0.5859375 0.21419270833333334 0.1171875 0.0625
1 0.73828125 0.162109375 0.2060546875 0.08072916666666667
1 0.94580078125 0.3125 0.06640625 0.045572916666666664
1 0.203125 0.2890625 0.1171875 0.0625
1 0.2744140625 0.3092447916666667 0.1171875 0.0625