2 0.51171875 0.62109375 0.130859375 0.10416666666666667
2 0.48486328125 0.392578125 0.150390625 0.17578125
2 0.73779296875 0.3736979166666667 0.16796875 0.19270833333333334
2 0.142578125 0.8059895833333334 0.271484375 0.16796875
2 0.14501953125 0.5520833333333334 0.177734375 0.07421875
2 0.32275390625 0.6861979166666666 0.2470703125 0.140625
2 0.6748046875 0.7962239583333334 0.3779296875 0.2265625
2 0.7958984375 0.6940104166666666 0.205078125 0.11588541666666667
2 0.9072265625 0.6471354166666666 0.185546875 0.23958333333333334
1 0.1494140625 0.6712239583333334 0.2158203125 0.20833333333333334
1 0.14306640625 0.462890625 0.1123046875 0.15625
1 0.31494140625 0.578125 0.1357421875 0.12760416666666666
1 0.50634765625 0.5358072916666666 0.138671875 0.13411458333333334
1 0.47705078125 0.27734375 0.0927734375 0.10546875
1 0.6279296875 0.6380208333333334 0.181640625 0.19010416666666666
1 0.78369140625 0.595703125 0.181640625 0.17578125
1 0.89208984375 0.494140625 0.103515625 0.14973958333333334
1 0.73486328125 0.22786458333333334 0.1064453125 0.10546875