0 0.95078125 0.16640625 0.0921875 0.10625
3 0.83671875 0.24296875 0.0953125 0.2421875
3 0.6375 0.69453125 0.2859375 0.34375
3 0.3453125 0.6484375 0.134375 0.3203125
3 0.2734375 0.35625 0.121875 0.3125
3 0.21328125 0.27578125 0.090625 0.2515625
0 0.7921875 0.403125 0.15 0.2265625
0 0.846875 0.67265625 0.1234375 0.2515625
0 0.42109375 0.478125 0.0859375 0.125
0 0.34453125 0.41171875 0.10625 0.0859375
0 0.6875 0.09453125 0.0765625 0.0828125
0 0.29765625 0.1375 0.0953125 0.1234375
0 0.190625 0.09453125 0.078125 0.078125