3 0.7265625 0.64296875 0.10625 0.0953125
0 0.7578125 0.2046875 0.059375 0.0375
0 0.36640625 0.5890625 0.040625 0.04375
0 0.41484375 0.4171875 0.059375 0.03125
3 0.74375 0.45390625 0.090625 0.0609375
3 0.36015625 0.625 0.0640625 0.0734375
3 0.7390625 0.221875 0.0046875 0.00625
0 0.7203125 0.40859375 0.0578125 0.0390625
0 0.71875 0.5984375 0.0671875 0.0546875
3 0.46953125 0.27265625 0.0515625 0.046875
3 0.76875 0.24140625 0.090625 0.0578125
3 0.4171875 0.4640625 0.0609375 0.078125
0 0.465625 0.2421875 0.0453125 0.0234375