3 0.52890625 0.3484375 0.0625 0.1109375
3 0.49765625 0.34453125 0.078125 0.1109375
3 0.425 0.36484375 0.0890625 0.1125
3 0.35703125 0.34140625 0.0515625 0.0828125
3 0.26328125 0.69375 0.275 0.60625
3 0.67734375 0.33671875 0.08125 0.121875
0 0.22109375 0.240625 0.2 0.2875
0 0.36171875 0.28828125 0.0484375 0.0328125
0 0.4296875 0.29453125 0.053125 0.05
0 0.43515625 0.2875 0.046875 0.0515625
0 0.4765625 0.29765625 0.034375 0.046875
0 0.509375 0.27109375 0.0453125 0.05
0 0.525 0.2921875 0.05 0.0515625