0 0.7453125 0.43046875 0.1265625 0.0859375
0 0.64765625 0.284375 0.2265625 0.1375
0 0.80859375 0.54140625 0.065625 0.0796875
0 0.921875 0.58203125 0.084375 0.0703125
0 0.96796875 0.528125 0.0640625 0.0859375
0 0.2 0.33515625 0.1265625 0.0859375
0 0.28828125 0.375 0.1265625 0.0859375
0 0.41171875 0.31796875 0.153125 0.1171875
2 0.4890625 0.6515625 0.11875 0.11875
2 0.37265625 0.60546875 0.11875 0.11875
2 0.30390625 0.56796875 0.11875 0.11875
2 0.23828125 0.5484375 0.11875 0.11875
2 0.18125 0.51796875 0.11875 0.11875
2 0.115625 0.4828125 0.11875 0.11875
2 0.06328125 0.4453125 0.11875 0.11875
2 0.8421875 0.7453125 0.11875 0.11875