3 0.9609375 0.54296875 0.0625 0.0953125
3 0.89375 0.56640625 0.0625 0.1171875
3 0.82109375 0.58828125 0.078125 0.125
3 0.6203125 0.56328125 0.0734375 0.13125
3 0.584375 0.49375 0.0546875 0.0671875
3 0.5609375 0.58046875 0.0578125 0.140625
3 0.5078125 0.5296875 0.05625 0.134375
3 0.47265625 0.5234375 0.046875 0.090625
3 0.434375 0.55859375 0.0734375 0.1234375
3 0.33515625 0.521875 0.0671875 0.0890625
3 0.3421875 0.6140625 0.0671875 0.1171875
3 0.2828125 0.58828125 0.065625 0.125
3 0.1984375 0.55546875 0.0859375 0.178125
3 0.12734375 0.5609375 0.084375 0.1453125
3 0.0640625 0.5015625 0.0859375 0.1609375