0 0.1484375 0.34375 0.0296875 0.0328125
0 0.1046875 0.35546875 0.04375 0.034375
0 0.07734375 0.31484375 0.05625 0.05625
0 0.209375 0.38125 0.0765625 0.0734375
3 0.51640625 0.5765625 0.065625 0.1015625
3 0.396875 0.63671875 0.0984375 0.19375
3 0.29609375 0.57265625 0.14375 0.2
3 0.25546875 0.5046875 0.0796875 0.1171875
3 0.11796875 0.528125 0.1546875 0.2203125
3 0.12890625 0.403125 0.0546875 0.04375
3 0.0390625 0.41328125 0.075 0.14375
0 0.528125 0.50625 0.0421875 0.034375
0 0.4375 0.51171875 0.06875 0.0484375
0 0.365625 0.43984375 0.08125 0.0578125
0 0.2953125 0.4171875 0.0609375 0.040625
0 0.18125 0.3453125 0.034375 0.0421875